rel way node lat lon
-- http://www.openstreetmap.org/way/4417253 Battle of Britain Hall
relation 4417253 27041698 51.5975511 -0.2409296
relation 4417253 1336630050 51.5973276 -0.2395374
relation 4417253 27041711 51.5972816 -0.2392512
relation 4417253 27041707 51.5969758 -0.2393784
relation 4417253 27041702 51.5972453 -0.2410568
relation 4417253 27041698 51.5975511 -0.2409296
-- http://www.openstreetmap.org/way/4960173 Victoria and Albert Museum
29795 4960173 32830560 51.4958753 -0.1734528
29795 4960173 32830548 51.4959695 -0.1726191
29795 4960173 1106651377 51.4960098 -0.1726333
29795 4960173 1321766293 51.4960780 -0.1722039
29795 4960173 1321766558 51.4961741 -0.1716370
29795 4960173 1106651435 51.4962840 -0.1712157
29795 4960173 1106651576 51.4962265 -0.1711871
29795 4960173 32830549 51.4964431 -0.1704077
29795 4960173 1321766797 51.4965427 -0.1704807
29795 4960173 1321766253 51.4965550 -0.1704414
29795 4960173 1321766486 51.4966249 -0.1704891
29795 4960173 1321766728 51.4966388 -0.1704442
29795 4960173 1321766186 51.4967297 -0.1705087
29795 4960173 1321766402 51.4967140 -0.1705733
29795 4960173 1321766648 51.4977868 -0.1713619
29795 4960173 1321766098 51.4977745 -0.1714181
29795 4960173 32830550 51.4978252 -0.1714602
29795 4960173 1321766339 51.4977938 -0.1715836
29795 4960173 1321766602 51.4978147 -0.1715977
29795 4960173 1321766841 51.4977903 -0.1716847
29795 4960173 1321766285 51.4978200 -0.1717127
29795 4960173 32830551 51.4977784 -0.1721042
29795 4960173 1166239573 51.4977360 -0.1723357
29795 4960173 1166239574 51.4977107 -0.1724738
29795 4960173 1106651517 51.4975679 -0.1732535
29795 4960173 1106651595 51.4971657 -0.1731160
29795 4960173 1106651471 51.4971314 -0.1732775
29795 4960173 1106651422 51.4975251 -0.1733737
29795 4960173 32830552 51.4974950 -0.1737279
29795 4960173 1321766540 51.4974443 -0.1737194
29795 4960173 1321766788 51.4974408 -0.1737615
29795 4960173 1321766237 51.4973517 -0.1737447
29795 4960173 1321766466 51.4973500 -0.1737250
29795 4960173 1356891445 51.4965964 -0.1735859
29795 4960173 1356891443 51.4965787 -0.1735826
29795 4960173 32830560 51.4958753 -0.1734528
-- http://www.openstreetmap.org/way/4960905 Crystal Palace Museum
relation 4960905 32845894 51.4198245 -0.0766850
relation 4960905 1379828958 51.4198136 -0.0766423
relation 4960905 32845895 51.4198013 -0.0765938
relation 4960905 32845896 51.4197485 -0.0766283
relation 4960905 32845897 51.4197094 -0.0764742
relation 4960905 32845898 51.4196226 -0.0765309
relation 4960905 2194596718 51.4196271 -0.0765486
relation 4960905 2194596713 51.4196115 -0.0765588
relation 4960905 2194596720 51.4196275 -0.0766218
relation 4960905 2194596724 51.4196431 -0.0766117
relation 4960905 1267657129 51.4196798 -0.0767562
relation 4960905 1267657274 51.4197054 -0.0767394
relation 4960905 32845899 51.4197105 -0.0767594
relation 4960905 32845894 51.4198245 -0.0766850
-- http://www.openstreetmap.org/way/4993790 (http://www.openstreetmap.org/relation/relation)
relation 4993790 33147457 51.6696763 -0.0680952
relation 4993790 33147458 51.6695270 -0.0681901
relation 4993790 33147459 51.6696273 -0.0685380
relation 4993790 33147460 51.6697653 -0.0684316
relation 4993790 33147457 51.6696763 -0.0680952
-- http://www.openstreetmap.org/way/5095245 Horniman Museum and Gardens
relation 5095245 32869229 51.4414800 -0.0604999
relation 5095245 32869228 51.4406148 -0.0606280
relation 5095245 34779695 51.4406213 -0.0608922
relation 5095245 32869227 51.4406320 -0.0613283
relation 5095245 33778452 51.4406468 -0.0618673
relation 5095245 32869226 51.4407165 -0.0625665
relation 5095245 32869225 51.4408408 -0.0632132
relation 5095245 2205062092 51.4410113 -0.0640011
relation 5095245 2205062093 51.4410143 -0.0640135
relation 5095245 32869129 51.4410728 -0.0642901
relation 5095245 32869237 51.4414971 -0.0640103
relation 5095245 2205062123 51.4417656 -0.0637982
relation 5095245 32869236 51.4421997 -0.0634826
relation 5095245 2205062169 51.4424137 -0.0633419
relation 5095245 936793533 51.4432656 -0.0628411
relation 5095245 275531123 51.4437717 -0.0625880
relation 5095245 32869235 51.4437735 -0.0625850
relation 5095245 936793504 51.4437487 -0.0625012
relation 5095245 936793523 51.4436680 -0.0623240
relation 5095245 936793724 51.4430978 -0.0614264
relation 5095245 32869234 51.4430776 -0.0614472
relation 5095245 32869233 51.4430544 -0.0614105
relation 5095245 416451217 51.4430313 -0.0613761
relation 5095245 2205062181 51.4427649 -0.0608532
relation 5095245 2205062179 51.4425671 -0.0603686
relation 5095245 34775511 51.4424601 -0.0601067
relation 5095245 34775514 51.4421594 -0.0590831
relation 5095245 34775517 51.4416335 -0.0593958
relation 5095245 34775521 51.4416298 -0.0599987
relation 5095245 34775523 51.4414780 -0.0600004
relation 5095245 32869229 51.4414800 -0.0604999
-- http://www.openstreetmap.org/way/8614496 Imperial War Museum
relation 8614496 986832369 51.4953430 -0.1090109
relation 8614496 986832237 51.4953427 -0.1089083
relation 8614496 986831867 51.4954185 -0.1089076
relation 8614496 986832461 51.4954181 -0.1088026
relation 8614496 986832026 51.4953738 -0.1088030
relation 8614496 986831375 51.4953729 -0.1085563
relation 8614496 986832070 51.4953358 -0.1085567
relation 8614496 986832142 51.4953355 -0.1084675
relation 8614496 986831576 51.4952779 -0.1084681
relation 8614496 986832016 51.4952768 -0.1081916
relation 8614496 61328920 51.4962211 -0.1081823
relation 8614496 986832321 51.4962222 -0.1084718
relation 8614496 986832384 51.4962873 -0.1084712
relation 8614496 61328981 51.4962877 -0.1085627
relation 8614496 986831960 51.4962883 -0.1087215
relation 8614496 986831397 51.4962169 -0.1087222
relation 8614496 61328912 51.4962179 -0.1090022
relation 8614496 986832369 51.4953430 -0.1090109
-- http://www.openstreetmap.org/way/9558984 (http://www.openstreetmap.org/relation/1912113)
1912113 9558984 74004007 51.5004688 -0.1185803
1912113 9558984 74004023 51.4999904 -0.1186723
1912113 9558984 74004037 51.4999095 -0.1175878
1912113 9558984 74004047 51.5003880 -0.1174958
1912113 9558984 74004007 51.5004688 -0.1185803
-- http://www.openstreetmap.org/way/9558987 (http://www.openstreetmap.org/relation/1912113)
1912113 9558987 74004104 51.5003012 -0.1183725
1912113 9558987 74004124 51.5001226 -0.1184025
1912113 9558987 74004117 51.5000825 -0.1177881
1912113 9558987 74004112 51.5002612 -0.1177581
1912113 9558987 74004104 51.5003012 -0.1183725
-- http://www.openstreetmap.org/way/10790633 V&A Museum of Childhood
relation 10790633 96006680 51.5292160 -0.0553080
relation 10790633 1213564003 51.5290330 -0.0552411
relation 10790633 96006681 51.5288635 -0.0551792
relation 10790633 96006682 51.5290024 -0.0543381
relation 10790633 96006684 51.5293441 -0.0544582
relation 10790633 96006680 51.5292160 -0.0553080
-- http://www.openstreetmap.org/way/10807015 National Army Museum
relation 10807015 96071858 51.4858974 -0.1601601
relation 10807015 1851327958 51.4861905 -0.1597272
relation 10807015 1851328085 51.4862922 -0.1599047
relation 10807015 1851328151 51.4862411 -0.1599801
relation 10807015 96071860 51.4865067 -0.1604437
relation 10807015 96071861 51.4862647 -0.1608012
relation 10807015 96071858 51.4858974 -0.1601601
-- http://www.openstreetmap.org/way/23458099 Boston Manor
relation 23458099 254045040 51.4921292 -0.3188940
relation 23458099 254045041 51.4917356 -0.3182867
relation 23458099 254045042 51.4918866 -0.3180901
relation 23458099 254045043 51.4920242 -0.3183124
relation 23458099 263544108 51.4919549 -0.3183998
relation 23458099 263544107 51.4922069 -0.3187934
relation 23458099 254045040 51.4921292 -0.3188940
-- http://www.openstreetmap.org/way/23699363 London Museum of Water and Steam
relation 23699363 256612660 51.4892187 -0.2906915
relation 23699363 256612661 51.4891667 -0.2909453
relation 23699363 256612662 51.4890206 -0.2908680
relation 23699363 256612663 51.4889963 -0.2909867
relation 23699363 256612664 51.4886300 -0.2907931
relation 23699363 256612665 51.4887082 -0.2904117
relation 23699363 2900789351 51.4887374 -0.2904272
relation 23699363 2900789350 51.4887492 -0.2903698
relation 23699363 256612666 51.4888653 -0.2904312
relation 23699363 256612667 51.4888898 -0.2903118
relation 23699363 256612668 51.4888033 -0.2902661
relation 23699363 256612669 51.4888475 -0.2900500
relation 23699363 256612670 51.4890270 -0.2901449
relation 23699363 256612671 51.4889886 -0.2903323
relation 23699363 256612672 51.4892130 -0.2904509
relation 23699363 256612673 51.4891691 -0.2906652
relation 23699363 256612660 51.4892187 -0.2906915
-- http://www.openstreetmap.org/way/23941901 Vestry House Museum
relation 23941901 259512425 51.5839886 -0.0126071
relation 23941901 259512426 51.5842202 -0.0127881
relation 23941901 1722798333 51.5841029 -0.0131677
relation 23941901 1722798337 51.5840549 -0.0131294
relation 23941901 1722798343 51.5840892 -0.0130181
relation 23941901 1722798341 51.5840118 -0.0129538
relation 23941901 1722798335 51.5840450 -0.0128363
relation 23941901 259512428 51.5838967 -0.0127224
relation 23941901 1436348061 51.5839143 -0.0126580
relation 23941901 1436348054 51.5839624 -0.0126975
relation 23941901 259512425 51.5839886 -0.0126071
-- http://www.openstreetmap.org/way/24436380 (http://www.openstreetmap.org/relation/29795)
29795 24436380 265590008 51.4971705 -0.1728942
29795 24436380 1321766879 51.4972076 -0.1726869
29795 24436380 1321766594 51.4971879 -0.1726776
29795 24436380 1321766839 51.4972760 -0.1722113
29795 24436380 1321766271 51.4972991 -0.1722206
29795 24436380 265590009 51.4973323 -0.1720281
29795 24436380 1321766381 51.4969698 -0.1717892
29795 24436380 1321766528 51.4968904 -0.1721905
29795 24436380 1321766780 51.4969077 -0.1721997
29795 24436380 1321766462 51.4968789 -0.1723459
29795 24436380 1321766236 51.4968601 -0.1723389
29795 24436380 265590010 51.4967850 -0.1727657
29795 24436380 265590008 51.4971705 -0.1728942
-- http://www.openstreetmap.org/way/24436446 Natural History Museum
relation 24436446 265590378 51.4971705 -0.1740861
relation 24436446 265590379 51.4970117 -0.1762772
relation 24436446 265590380 51.4968274 -0.1790978
relation 24436446 265590381 51.4954153 -0.1787649
relation 24436446 265590382 51.4957846 -0.1738522
relation 24436446 265590378 51.4971705 -0.1740861
-- http://www.openstreetmap.org/way/24541159 Design Museum
relation 24541159 266840419 51.5029313 -0.0719380
relation 24541159 1086082597 51.5029070 -0.0718844
relation 24541159 1086082287 51.5029508 -0.0718177
relation 24541159 1125067268 51.5028551 -0.0716136
relation 24541159 1125067704 51.5028663 -0.0716000
relation 24541159 1125067335 51.5028442 -0.0715528
relation 24541159 266840423 51.5028330 -0.0715664
relation 24541159 1125067067 51.5027027 -0.0717803
relation 24541159 266840425 51.5024428 -0.0720842
relation 24541159 266840437 51.5025352 -0.0722838
relation 24541159 1086082625 51.5025466 -0.0723115
relation 24541159 1086082307 51.5028109 -0.0720025
relation 24541159 1086082535 51.5028335 -0.0720523
relation 24541159 266840419 51.5029313 -0.0719380
-- http://www.openstreetmap.org/way/24553580 Tate Britain
relation 24553580 266974928 51.4909661 -0.1289126
relation 24553580 1278796243 51.4912147 -0.1287048
relation 24553580 1278796131 51.4912342 -0.1287649
relation 24553580 1278796087 51.4914220 -0.1286080
relation 24553580 1278796064 51.4914025 -0.1285478
relation 24553580 266974929 51.4916443 -0.1283458
relation 24553580 266974930 51.4913012 -0.1272836
relation 24553580 266974931 51.4917489 -0.1269158
relation 24553580 266974932 51.4915619 -0.1263284
relation 24553580 266974933 51.4913463 -0.1265055
relation 24553580 266974934 51.4914452 -0.1268162
relation 24553580 266974935 51.4912293 -0.1269936
relation 24553580 266974936 51.4911744 -0.1268213
relation 24553580 266974937 51.4910061 -0.1269597
relation 24553580 1278796175 51.4909285 -0.1270234
relation 24553580 266974938 51.4908635 -0.1268267
relation 24553580 1334631052 51.4907827 -0.1268947
relation 24553580 1334631138 51.4906964 -0.1269673
relation 24553580 1278796109 51.4906595 -0.1270073
relation 24553580 1334630889 51.4906468 -0.1270248
relation 24553580 1334630942 51.4906440 -0.1270481
relation 24553580 1334631172 51.4906504 -0.1270830
relation 24553580 1334631021 51.4906640 -0.1270918
relation 24553580 1334631255 51.4906821 -0.1270874
relation 24553580 266974940 51.4907066 -0.1271864
relation 24553580 266974941 51.4904731 -0.1273648
relation 24553580 1334631308 51.4905234 -0.1275623
relation 24553580 1334630995 51.4905370 -0.1275550
relation 24553580 670126092 51.4907254 -0.1281569
relation 24553580 266974928 51.4909661 -0.1289126
-- http://www.openstreetmap.org/way/24642569 Tate Modern
relation 24642569 281135653 51.5075594 -0.1005582
relation 24642569 1373665464 51.5076924 -0.1005449
relation 24642569 1373665456 51.5079077 -0.1005169
relation 24642569 20626320 51.5079806 -0.1005076
relation 24642569 1334645227 51.5079191 -0.0994090
relation 24642569 1334645268 51.5079489 -0.0994047
relation 24642569 1835528916 51.5079442 -0.0993236
relation 24642569 1334645265 51.5079389 -0.0992422
relation 24642569 1334645257 51.5079088 -0.0992460
relation 24642569 267871957 51.5078601 -0.0981440
relation 24642569 1240169407 51.5077974 -0.0981540
relation 24642569 1373665459 51.5073514 -0.0982249
relation 24642569 914436344 51.5073189 -0.0982269
relation 24642569 914430014 51.5073121 -0.0980707
relation 24642569 914336304 51.5070103 -0.0981095
relation 24642569 1334645193 51.5070214 -0.0983001
relation 24642569 1334645231 51.5071813 -0.0982852
relation 24642569 1373665458 51.5072079 -0.0987130
relation 24642569 1373665454 51.5072879 -0.1001356
relation 24642569 20626323 51.5073063 -0.1005184
relation 24642569 1334645196 51.5074540 -0.1005061
relation 24642569 1334645250 51.5074569 -0.1005668
relation 24642569 281135653 51.5075594 -0.1005582
-- http://www.openstreetmap.org/way/25911545 Gunnersbury Park Museum
relation 25911545 282662760 51.4993277 -0.2866866
relation 25911545 282664215 51.4994715 -0.2868267
relation 25911545 282662762 51.4997554 -0.2860752
relation 25911545 282664216 51.4996117 -0.2859351
relation 25911545 282662760 51.4993277 -0.2866866
-- http://www.openstreetmap.org/way/27765411 Science Museum
relation 27765411 32052016 51.4968853 -0.1782258
relation 27765411 304884794 51.4972814 -0.1782963
relation 27765411 304884795 51.4973425 -0.1774108
relation 27765411 304884793 51.4971997 -0.1773854
relation 27765411 1141096745 51.4972151 -0.1771629
relation 27765411 1141096779 51.4972897 -0.1760832
relation 27765411 1141096812 51.4973517 -0.1751845
relation 27765411 1141096696 51.4974205 -0.1751968
relation 27765411 304884796 51.4974279 -0.1750895
relation 27765411 304884797 51.4976463 -0.1751284
relation 27765411 1141096729 51.4976573 -0.1749691
relation 27765411 1141096772 51.4978934 -0.1750150
relation 27765411 1141096806 51.4979070 -0.1748900
relation 27765411 1141096720 51.4976595 -0.1748459
relation 27765411 304884798 51.4977055 -0.1741791
relation 27765411 32052017 51.4971712 -0.1740839
relation 27765411 1347057739 51.4971416 -0.1745087
relation 27765411 1347057733 51.4971315 -0.1746341
relation 27765411 32052016 51.4968853 -0.1782258
-- http://www.openstreetmap.org/way/28269975 Foundling Museum
relation 28269975 310453805 51.5251689 -0.1215197
relation 28269975 1455586033 51.5251349 -0.1216535
relation 28269975 310453806 51.5251004 -0.1217894
relation 28269975 1455586036 51.5251487 -0.1218211
relation 28269975 310453807 51.5252216 -0.1218689
relation 28269975 310453808 51.5252901 -0.1215991
relation 28269975 310453805 51.5251689 -0.1215197
-- http://www.openstreetmap.org/way/30839266 Wandsworth Museum and De Morgan Centre
relation 30839266 342980321 51.4569423 -0.2006496
relation 30839266 342980337 51.4569476 -0.2006108
relation 30839266 342980340 51.4569130 -0.2006017
relation 30839266 342980342 51.4569221 -0.2005120
relation 30839266 342980338 51.4569577 -0.2005214
relation 30839266 342980325 51.4569594 -0.2004809
relation 30839266 342980331 51.4570094 -0.2004944
relation 30839266 342980344 51.4570208 -0.2003877
relation 30839266 342980345 51.4569167 -0.2003604
relation 30839266 342980348 51.4569295 -0.2002347
relation 30839266 342980350 51.4569899 -0.2002540
relation 30839266 342980354 51.4570032 -0.2001242
relation 30839266 342980356 51.4571065 -0.2001513
relation 30839266 342980351 51.4570934 -0.2002799
relation 30839266 342980334 51.4571813 -0.2003008
relation 30839266 342980332 51.4571572 -0.2005375
relation 30839266 342980327 51.4573008 -0.2005732
relation 30839266 342980323 51.4572930 -0.2007511
relation 30839266 342980321 51.4569423 -0.2006496
-- http://www.openstreetmap.org/way/39590918 Grahame White Aircraft Factory
relation 39590918 1676675817 51.5961200 -0.2375460
relation 39590918 1676675818 51.5961398 -0.2383794
relation 39590918 1676675819 51.5964136 -0.2383650
relation 39590918 474581678 51.5963938 -0.2375292
relation 39590918 1676675817 51.5961200 -0.2375460
-- http://www.openstreetmap.org/way/40405915 British Museum
relation 40405915 495535738 51.5201997 -0.1274098
relation 40405915 21613351 51.5200289 -0.1272093
relation 40405915 21610564 51.5201710 -0.1268969
relation 40405915 1391435427 51.5201172 -0.1268337
relation 40405915 1391435463 51.5201556 -0.1267492
relation 40405915 1391435473 51.5200568 -0.1266331
relation 40405915 1391435425 51.5200409 -0.1266680
relation 40405915 1391435487 51.5198138 -0.1264012
relation 40405915 1391435444 51.5198321 -0.1263608
relation 40405915 1391435467 51.5196668 -0.1261667
relation 40405915 1391435424 51.5196522 -0.1261987
relation 40405915 21610566 51.5193679 -0.1258648
relation 40405915 1391435445 51.5194691 -0.1256423
relation 40405915 1391435438 51.5194999 -0.1256786
relation 40405915 21610568 51.5196131 -0.1254298
relation 40405915 21610569 51.5193300 -0.1250974
relation 40405915 2834774097 51.5191883 -0.1254090
relation 40405915 2834774096 51.5191108 -0.1253179
relation 40405915 488634409 51.5190551 -0.1254404
relation 40405915 488634411 51.5190062 -0.1253830
relation 40405915 488634413 51.5188484 -0.1257299
relation 40405915 488630197 51.5190186 -0.1259298
relation 40405915 1391435426 51.5189728 -0.1260304
relation 40405915 1391435428 51.5189400 -0.1259918
relation 40405915 634568087 51.5188388 -0.1262142
relation 40405915 1391435470 51.5187458 -0.1264187
relation 40405915 1391435478 51.5187824 -0.1264617
relation 40405915 488630199 51.5187182 -0.1266028
relation 40405915 488630178 51.5185600 -0.1264170
relation 40405915 488630180 51.5184005 -0.1267679
relation 40405915 488630182 51.5184558 -0.1268329
relation 40405915 21610571 51.5182513 -0.1272823
relation 40405915 1391441474 51.5185318 -0.1276118
relation 40405915 1391441454 51.5185753 -0.1275162
relation 40405915 1391441503 51.5185403 -0.1274750
relation 40405915 1391441471 51.5185585 -0.1274348
relation 40405915 1391441488 51.5186183 -0.1275050
relation 40405915 1391441504 51.5186560 -0.1274222
relation 40405915 1391441449 51.5186792 -0.1274494
relation 40405915 1391441452 51.5185432 -0.1277484
relation 40405915 1391441502 51.5186011 -0.1278164
relation 40405915 1391441485 51.5185633 -0.1278996
relation 40405915 1391441478 51.5186725 -0.1280279
relation 40405915 1391441501 51.5187041 -0.1279584
relation 40405915 1391441457 51.5190526 -0.1283678
relation 40405915 1391441481 51.5190268 -0.1284246
relation 40405915 21610574 51.5191376 -0.1285548
relation 40405915 21610577 51.5192837 -0.1282335
relation 40405915 21610580 51.5194701 -0.1284525
relation 40405915 21612403 51.5198217 -0.1276795
relation 40405915 21612421 51.5199986 -0.1278873
relation 40405915 1391435465 51.5198186 -0.1282831
relation 40405915 1391435442 51.5198041 -0.1282661
relation 40405915 21613346 51.5196813 -0.1285361
relation 40405915 1391435468 51.5197796 -0.1286515
relation 40405915 1391435496 51.5197517 -0.1287128
relation 40405915 1391435436 51.5197416 -0.1287010
relation 40405915 1391435430 51.5197172 -0.1287548
relation 40405915 1391435459 51.5196492 -0.1286750
relation 40405915 1391435461 51.5196743 -0.1286199
relation 40405915 1391435455 51.5196082 -0.1285422
relation 40405915 1391435457 51.5198404 -0.1280318
relation 40405915 1391435475 51.5197807 -0.1279618
relation 40405915 1391435420 51.5197593 -0.1280089
relation 40405915 1391435429 51.5197449 -0.1279919
relation 40405915 1391435492 51.5194827 -0.1285686
relation 40405915 1391435489 51.5195923 -0.1286973
relation 40405915 1391435411 51.5195719 -0.1287421
relation 40405915 1391435469 51.5195924 -0.1287661
relation 40405915 1391435447 51.5195841 -0.1287844
relation 40405915 1391435471 51.5197179 -0.1289416
relation 40405915 1391435472 51.5197967 -0.1287684
relation 40405915 1391435485 51.5198590 -0.1288416
relation 40405915 1391435440 51.5199528 -0.1286352
relation 40405915 21613347 51.5198865 -0.1285573
relation 40405915 634568083 51.5202031 -0.1278612
relation 40405915 495487715 51.5206122 -0.1269618
relation 40405915 495487716 51.5205323 -0.1268679
relation 40405915 495487717 51.5204654 -0.1270150
relation 40405915 21613349 51.5204093 -0.1269490
relation 40405915 495535738 51.5201997 -0.1274098
-- http://www.openstreetmap.org/way/42003475 Bruce Castle Museum
relation 42003475 520925843 51.5991905 -0.0755451
relation 42003475 520925876 51.5990124 -0.0755075
relation 42003475 520925879 51.5990533 -0.0750057
relation 42003475 520925881 51.5992314 -0.0750433
relation 42003475 520925843 51.5991905 -0.0755451
-- http://www.openstreetmap.org/way/43634102 Transport Museum Depot
relation 43634102 551680435 51.5051818 -0.2815464
relation 43634102 1721796421 51.5049774 -0.2818350
relation 43634102 1721796410 51.5049442 -0.2818819
relation 43634102 1721796392 51.5049116 -0.2819279
relation 43634102 1721796382 51.5048783 -0.2819750
relation 43634102 1721796358 51.5048424 -0.2820256
relation 43634102 1721796342 51.5048109 -0.2820702
relation 43634102 551680448 51.5047893 -0.2821007
relation 43634102 551680458 51.5044623 -0.2815032
relation 43634102 551680466 51.5043164 -0.2817092
relation 43634102 551680472 51.5040342 -0.2811935
relation 43634102 551680474 51.5044388 -0.2806222
relation 43634102 1256988811 51.5044701 -0.2806794
relation 43634102 551680478 51.5045129 -0.2806188
relation 43634102 551680482 51.5046074 -0.2806302
relation 43634102 551680486 51.5047158 -0.2808284
relation 43634102 551680491 51.5047571 -0.2807702
relation 43634102 551680435 51.5051818 -0.2815464
-- http://www.openstreetmap.org/way/43706245 Dr. Johnson's House
relation 43706245 747591277 51.5148751 -0.1081980
relation 43706245 553073410 51.5148777 -0.1081274
relation 43706245 747591279 51.5149440 -0.1081338
relation 43706245 758770221 51.5149417 -0.1082010
relation 43706245 747591277 51.5148751 -0.1081980
-- http://www.openstreetmap.org/way/43917586 Dartford Borough Museum and Library
relation 43917586 390986734 51.4430477 0.2187167
relation 43917586 390986729 51.4433110 0.2188356
relation 43917586 558550338 51.4433280 0.2188431
relation 43917586 558550340 51.4432442 0.2193285
relation 43917586 390986732 51.4431682 0.2192947
relation 43917586 390986731 51.4429626 0.2192019
relation 43917586 390986734 51.4430477 0.2187167
-- http://www.openstreetmap.org/way/55458978 Museum No. 1
relation 55458978 697016835 51.4794885 -0.2900468
relation 55458978 697016836 51.4797831 -0.2902061
relation 55458978 697016838 51.4798126 -0.2900653
relation 55458978 697016841 51.4797046 -0.2900069
relation 55458978 697016842 51.4797445 -0.2898169
relation 55458978 697016843 51.4796653 -0.2897741
relation 55458978 697016845 51.4796262 -0.2899607
relation 55458978 697016847 51.4795187 -0.2899027
relation 55458978 697016835 51.4794885 -0.2900468
-- http://www.openstreetmap.org/way/61453261 Sir John Soane's Museum
relation 61453261 767083767 51.5170792 -0.1173375
relation 61453261 767083761 51.5170645 -0.1173282
relation 61453261 767083759 51.5169952 -0.1172843
relation 61453261 767083757 51.5169431 -0.1175179
relation 61453261 767083758 51.5170223 -0.1175697
relation 61453261 767083767 51.5170792 -0.1173375
-- http://www.openstreetmap.org/way/65272940 Keats House
relation 65272940 797982657 51.5555714 -0.1678141
relation 65272940 797982316 51.5554721 -0.1678141
relation 65272940 1426991023 51.5554721 -0.1678887
relation 65272940 1426991452 51.5554596 -0.1678887
relation 65272940 797982216 51.5554596 -0.1680570
relation 65272940 797982486 51.5555714 -0.1680570
relation 65272940 797982657 51.5555714 -0.1678141
-- http://www.openstreetmap.org/way/77250946 Burgh House and Hampstead Museum
relation 77250946 909388097 51.5582066 -0.1752318
relation 77250946 909388098 51.5581047 -0.1750954
relation 77250946 909388101 51.5581900 -0.1749398
relation 77250946 909388124 51.5582192 -0.1749919
relation 77250946 909388127 51.5582464 -0.1749929
relation 77250946 909388103 51.5582962 -0.1750596
relation 77250946 909388097 51.5582066 -0.1752318
-- http://www.openstreetmap.org/way/80278329 The Cuming Museum
relation 80278329 936982814 51.4911977 -0.0965424
relation 80278329 936982852 51.4910110 -0.0964186
relation 80278329 936982553 51.4909594 -0.0966196
relation 80278329 936982497 51.4910415 -0.0966741
relation 80278329 936982583 51.4910146 -0.0967788
relation 80278329 936982682 51.4909327 -0.0967245
relation 80278329 936982473 51.4908478 -0.0970545
relation 80278329 936982532 51.4910343 -0.0971781
relation 80278329 936982814 51.4911977 -0.0965424
-- http://www.openstreetmap.org/way/82459230 Kirkaldy Testing Museum
relation 82459230 959764793 51.5060396 -0.1016886
relation 82459230 959765366 51.5059558 -0.1013993
relation 82459230 959765289 51.5058861 -0.1014567
relation 82459230 959764787 51.5059380 -0.1017681
relation 82459230 959764793 51.5060396 -0.1016886
-- http://www.openstreetmap.org/way/82770797 The Clink
relation 82770797 963510133 51.5070476 -0.0920988
relation 82770797 963509334 51.5070214 -0.0917119
relation 82770797 1261877044 51.5069953 -0.0916508
relation 82770797 963509692 51.5069718 -0.0916398
relation 82770797 1261876978 51.5069310 -0.0916921
relation 82770797 963509630 51.5069223 -0.0917563
relation 82770797 963509879 51.5068814 -0.0921111
relation 82770797 963510133 51.5070476 -0.0920988
-- http://www.openstreetmap.org/way/82785023 Pump House Museum
relation 82785023 963575665 51.5766527 -0.0353722
relation 82785023 963575639 51.5770603 -0.0347451
relation 82785023 963575679 51.5766467 -0.0342089
relation 82785023 963575661 51.5762992 -0.0346465
relation 82785023 963575665 51.5766527 -0.0353722
-- http://www.openstreetmap.org/way/90404358 Old Operating Theatre Museum
relation 90404358 1048822042 51.5049506 -0.0884166
relation 90404358 1048822490 51.5049985 -0.0885819
relation 90404358 1048821728 51.5049641 -0.0886077
relation 90404358 1048823093 51.5049918 -0.0887035
relation 90404358 1048822196 51.5050542 -0.0886568
relation 90404358 1048821863 51.5050515 -0.0886492
relation 90404358 1048821761 51.5051392 -0.0885655
relation 90404358 1048821618 51.5050702 -0.0883271
relation 90404358 1048822042 51.5049506 -0.0884166
-- http://www.openstreetmap.org/way/95809105 Chiltern Open Air Museum
relation 95809105 1110415070 51.6338717 -0.5434853
relation 95809105 1110415031 51.6341980 -0.5431045
relation 95809105 1110415244 51.6344742 -0.5421013
relation 95809105 1110414904 51.6345444 -0.5418122
relation 95809105 1110414914 51.6346275 -0.5415498
relation 95809105 1110414879 51.6349769 -0.5404652
relation 95809105 1110415137 51.6353765 -0.5402560
relation 95809105 1970158320 51.6357949 -0.5405423
relation 95809105 1110414983 51.6363720 -0.5409372
relation 95809105 1110415088 51.6367349 -0.5377615
relation 95809105 1110415065 51.6361371 -0.5375314
relation 95809105 1110414882 51.6360740 -0.5375019
relation 95809105 1110414991 51.6361582 -0.5369601
relation 95809105 1110415260 51.6361968 -0.5367871
relation 95809105 1110414851 51.6361386 -0.5359985
relation 95809105 1110415114 51.6359656 -0.5355795
relation 95809105 1110414931 51.6365651 -0.5346126
relation 95809105 1110414906 51.6367615 -0.5343444
relation 95809105 1110415196 51.6369846 -0.5342746
relation 95809105 1110414926 51.6372043 -0.5343175
relation 95809105 1110415149 51.6372842 -0.5345268
relation 95809105 1110415175 51.6373875 -0.5349666
relation 95809105 1110414929 51.6375339 -0.5359805
relation 95809105 1110414911 51.6377570 -0.5373860
relation 95809105 1110415036 51.6379899 -0.5390884
relation 95809105 1110414912 51.6381224 -0.5397656
relation 95809105 1110415176 51.6379959 -0.5409673
relation 95809105 1110415133 51.6379864 -0.5412602
relation 95809105 1110415271 51.6379817 -0.5416472
relation 95809105 1110415257 51.6379157 -0.5418194
relation 95809105 1110414895 51.6376538 -0.5421496
relation 95809105 1110415061 51.6378928 -0.5436752
relation 95809105 1110414891 51.6372886 -0.5438311
relation 95809105 1110415253 51.6367068 -0.5438488
relation 95809105 1110415072 51.6355312 -0.5438474
relation 95809105 1970158340 51.6354300 -0.5438340
relation 95809105 1970194180 51.6349307 -0.5437678
relation 95809105 1110414993 51.6340948 -0.5436570
relation 95809105 1110414979 51.6338484 -0.5445689
relation 95809105 1110415046 51.6329161 -0.5441398
relation 95809105 1110414863 51.6331292 -0.5431259
relation 95809105 1110415070 51.6338717 -0.5434853
-- http://www.openstreetmap.org/way/101154182 Fashion and Textile Museum
relation 101154182 1167771501 51.5012536 -0.0819403
relation 101154182 1167771396 51.5013074 -0.0814841
relation 101154182 1167771365 51.5012999 -0.0814594
relation 101154182 1167771475 51.5010869 -0.0813945
relation 101154182 1167771345 51.5010305 -0.0818725
relation 101154182 1167771501 51.5012536 -0.0819403
-- http://www.openstreetmap.org/way/103107384 (http://www.openstreetmap.org/relation/relation)
relation 103107384 1190640695 51.5483970 -0.1772441
relation 103107384 1190640697 51.5484022 -0.1775329
relation 103107384 1190640700 51.5482252 -0.1775413
relation 103107384 1190640702 51.5482200 -0.1772525
relation 103107384 1190640695 51.5483970 -0.1772441
-- http://www.openstreetmap.org/way/103143319 Firepower Artillery Museum
relation 103143319 1190939731 51.4937305 0.0700914
relation 103143319 1190939718 51.4935652 0.0708773
relation 103143319 1190939728 51.4940762 0.0711402
relation 103143319 1190939714 51.4940896 0.0710812
relation 103143319 1190939716 51.4941547 0.0711160
relation 103143319 1190939712 51.4943000 0.0704187
relation 103143319 1190939731 51.4937305 0.0700914
-- http://www.openstreetmap.org/way/104081033 Benjamin Franklin House
relation 104081033 1201169782 51.5075613 -0.1250086
relation 104081033 1201169498 51.5076321 -0.1249138
relation 104081033 1201169593 51.5076178 -0.1248864
relation 104081033 1539480673 51.5076584 -0.1248209
relation 104081033 1539480474 51.5076785 -0.1248525
relation 104081033 1201169455 51.5076962 -0.1248215
relation 104081033 1201169560 51.5076622 -0.1247539
relation 104081033 1201169846 51.5076111 -0.1248184
relation 104081033 1201169621 51.5075919 -0.1248442
relation 104081033 1201169706 51.5075256 -0.1249438
relation 104081033 1201169759 51.5075534 -0.1249942
relation 104081033 1201169782 51.5075613 -0.1250086
-- http://www.openstreetmap.org/way/107807460 Geffrye Museum
relation 107807460 1238338534 51.5316690 -0.0761629
relation 107807460 1238338535 51.5316690 -0.0761336
relation 107807460 1238338536 51.5317072 -0.0761347
relation 107807460 1238338537 51.5317169 -0.0761191
relation 107807460 1238338538 51.5317280 -0.0761124
relation 107807460 1238338539 51.5317426 -0.0761113
relation 107807460 1238338540 51.5317523 -0.0761135
relation 107807460 1238338541 51.5317593 -0.0761247
relation 107807460 1238338542 51.5317635 -0.0761325
relation 107807460 1238338543 51.5318135 -0.0761336
relation 107807460 1238338544 51.5318135 -0.0761657
relation 107807460 648861116 51.5321674 -0.0761725
relation 107807460 1238338493 51.5321682 -0.0762443
relation 107807460 648861117 51.5321674 -0.0762695
relation 107807460 648861118 51.5313008 -0.0762552
relation 107807460 1238338466 51.5313010 -0.0762305
relation 107807460 1238338465 51.5313011 -0.0762195
relation 107807460 648861119 51.5313015 -0.0761559
relation 107807460 1238338464 51.5313177 -0.0761562
relation 107807460 1238338531 51.5313850 -0.0761575
relation 107807460 1238338545 51.5314079 -0.0761579
relation 107807460 1238338534 51.5316690 -0.0761629
-- http://www.openstreetmap.org/way/110388485 Fenton House
relation 110388485 1260732596 51.5589593 -0.1797867
relation 110388485 1260732606 51.5589517 -0.1795632
relation 110388485 1260732608 51.5589078 -0.1795671
relation 110388485 1260732609 51.5589084 -0.1795825
relation 110388485 1260776776 51.5588875 -0.1795843
relation 110388485 1260732612 51.5588625 -0.1795865
relation 110388485 1260732614 51.5588620 -0.1795700
relation 110388485 1260732615 51.5588174 -0.1795739
relation 110388485 1260732617 51.5588251 -0.1797986
relation 110388485 1260732620 51.5588340 -0.1797978
relation 110388485 1260732632 51.5588783 -0.1797939
relation 110388485 1260732633 51.5588794 -0.1798279
relation 110388485 1260732634 51.5589087 -0.1798253
relation 110388485 1260732635 51.5589076 -0.1797913
relation 110388485 1260732596 51.5589593 -0.1797867
-- http://www.openstreetmap.org/way/115554282 Markfield Beam Engine & Museum
relation 115554282 1305157762 51.5818394 -0.0617759
relation 115554282 1305157754 51.5820378 -0.0616219
relation 115554282 1305157750 51.5819773 -0.0613524
relation 115554282 1334537230 51.5818551 -0.0614311
relation 115554282 1334537154 51.5818210 -0.0613081
relation 115554282 1334537218 51.5817394 -0.0613736
relation 115554282 1334537124 51.5817315 -0.0613792
relation 115554282 1334537242 51.5817626 -0.0614935
relation 115554282 1305157762 51.5818394 -0.0617759
-- http://www.openstreetmap.org/way/115594423 Leighton House Museum
relation 115594423 1305563265 51.4985304 -0.2031271
relation 115594423 1305563266 51.4985683 -0.2030183
relation 115594423 1305563267 51.4985832 -0.2030317
relation 115594423 1305563268 51.4986361 -0.2028798
relation 115594423 1305563275 51.4987035 -0.2029404
relation 115594423 1305563277 51.4986879 -0.2029852
relation 115594423 1305563279 51.4987550 -0.2030455
relation 115594423 1305563280 51.4987473 -0.2030676
relation 115594423 1305563281 51.4987628 -0.2030816
relation 115594423 1305563282 51.4987483 -0.2031232
relation 115594423 1305563283 51.4987365 -0.2031125
relation 115594423 1305563290 51.4986993 -0.2032192
relation 115594423 1305563292 51.4987064 -0.2032256
relation 115594423 1305563293 51.4986895 -0.2032739
relation 115594423 1305563294 51.4986824 -0.2032675
relation 115594423 1305563295 51.4986604 -0.2033307
relation 115594423 1305563296 51.4986404 -0.2033127
relation 115594423 1305563297 51.4986187 -0.2033225
relation 115594423 1305563298 51.4986059 -0.2033110
relation 115594423 1305563307 51.4986006 -0.2032806
relation 115594423 1305563308 51.4985839 -0.2032656
relation 115594423 1305563309 51.4985891 -0.2032954
relation 115594423 1305563310 51.4985945 -0.2033002
relation 115594423 1305563311 51.4985803 -0.2033407
relation 115594423 1305563312 51.4985746 -0.2033356
relation 115594423 1305563313 51.4985512 -0.2033462
relation 115594423 1305563321 51.4985245 -0.2033221
relation 115594423 1305563322 51.4985167 -0.2032777
relation 115594423 1305563323 51.4985281 -0.2032450
relation 115594423 1305563324 51.4985439 -0.2032379
relation 115594423 1305563325 51.4985042 -0.2032021
relation 115594423 1305563265 51.4985304 -0.2031271
-- http://www.openstreetmap.org/way/117047225 Garden Museum
relation 117047225 1318614689 51.4951132 -0.1203539
relation 117047225 1318614704 51.4948147 -0.1204405
relation 117047225 317182568 51.4947884 -0.1195575
relation 117047225 1318614707 51.4950027 -0.1194903
relation 117047225 1132182377 51.4950422 -0.1198612
relation 117047225 1132182381 51.4951066 -0.1201594
relation 117047225 1132182382 51.4951198 -0.1203081
relation 117047225 1318614689 51.4951132 -0.1203539
-- http://www.openstreetmap.org/way/118906066 Milestones of Flight
relation 118906066 1336630077 51.5980086 -0.2378743
relation 118906066 1336630117 51.5980581 -0.2374970
relation 118906066 2104508713 51.5977905 -0.2374059
relation 118906066 2104508804 51.5978022 -0.2373175
relation 118906066 2104508668 51.5975539 -0.2372330
relation 118906066 2104508694 51.5975409 -0.2373319
relation 118906066 1336630139 51.5973531 -0.2372680
relation 118906066 1336630073 51.5973050 -0.2376348
relation 118906066 1336630077 51.5980086 -0.2378743
-- http://www.openstreetmap.org/way/118906069 RAF Museum
relation 118906069 1336630209 51.5972968 -0.2414897
relation 118906069 2091348269 51.5974275 -0.2414253
relation 118906069 2091348271 51.5975793 -0.2412311
relation 118906069 2091348273 51.5977966 -0.2410300
relation 118906069 1336630125 51.5983944 -0.2404601
relation 118906069 1336630147 51.5987850 -0.2401261
relation 118906069 1336630128 51.5988776 -0.2400402
relation 118906069 2091348275 51.5991325 -0.2398599
relation 118906069 2091348278 51.5995231 -0.2396218
relation 118906069 1336630132 51.5997322 -0.2395352
relation 118906069 1336630150 51.5999207 -0.2379374
relation 118906069 1336630168 51.5999793 -0.2375806
relation 118906069 1336630075 51.5989256 -0.2371504
relation 118906069 1336630173 51.5977236 -0.2368302
relation 118906069 1336630193 51.5967029 -0.2366907
relation 118906069 1336630145 51.5959915 -0.2366514
relation 118906069 1336630198 51.5960454 -0.2373446
relation 118906069 1336630152 51.5960397 -0.2387286
relation 118906069 2091367450 51.5961445 -0.2387240
relation 118906069 1336630104 51.5966520 -0.2387018
relation 118906069 1336630177 51.5966964 -0.2399718
relation 118906069 1336630194 51.5970010 -0.2398430
relation 118906069 1336630209 51.5972968 -0.2414897
-- http://www.openstreetmap.org/way/118906073 Bomber Command Hall
relation 118906073 1336630165 51.5982530 -0.2380282
relation 118906073 1336630110 51.5994405 -0.2384393
relation 118906073 1336630163 51.5995280 -0.2377845
relation 118906073 2104508710 51.5990386 -0.2376150
relation 118906073 2104508683 51.5990240 -0.2377240
relation 118906073 2104508780 51.5988088 -0.2376495
relation 118906073 2104508653 51.5988238 -0.2375371
relation 118906073 1336630161 51.5983410 -0.2373699
relation 118906073 1336630165 51.5982530 -0.2380282
-- http://www.openstreetmap.org/way/118906074 Historic Hangars
relation 118906074 1336630206 51.5982555 -0.2380319
relation 118906074 2104508563 51.5982143 -0.2380176
relation 118906074 2104508749 51.5982202 -0.2379733
relation 118906074 1336630170 51.5980523 -0.2379149
relation 118906074 2104508786 51.5980005 -0.2383009
relation 118906074 2104508733 51.5979623 -0.2382876
relation 118906074 2104508561 51.5979421 -0.2384379
relation 118906074 2104508666 51.5979746 -0.2384493
relation 118906074 1336630188 51.5979217 -0.2388419
relation 118906074 1336630141 51.5981324 -0.2389155
relation 118906074 1336630107 51.5981172 -0.2390280
relation 118906074 1336630119 51.5982697 -0.2390814
relation 118906074 1336630079 51.5982812 -0.2389962
relation 118906074 1336630197 51.5985655 -0.2390957
relation 118906074 1336630200 51.5985545 -0.2391768
relation 118906074 1336630166 51.5989335 -0.2393097
relation 118906074 1336630043 51.5989435 -0.2392354
relation 118906074 1336630179 51.5991108 -0.2392941
relation 118906074 1336630148 51.5991005 -0.2393705
relation 118906074 1336630057 51.5993565 -0.2394604
relation 118906074 2104508572 51.5993853 -0.2392477
relation 118906074 2104508544 51.5993546 -0.2392369
relation 118906074 1336630040 51.5993607 -0.2391921
relation 118906074 1336630223 51.5994480 -0.2392228
relation 118906074 1336630185 51.5995506 -0.2384673
relation 118906074 1336630110 51.5994405 -0.2384393
relation 118906074 1336630041 51.5994134 -0.2384195
relation 118906074 1336630206 51.5982555 -0.2380319
-- http://www.openstreetmap.org/way/118906077 Grahame White Watch Office
relation 118906077 1336630154 51.5964829 -0.2386462
relation 118906077 1336630142 51.5964811 -0.2385329
relation 118906077 1336630189 51.5965094 -0.2385318
relation 118906077 1336630164 51.5965084 -0.2384664
relation 118906077 1336630101 51.5964832 -0.2384674
relation 118906077 1336630182 51.5964816 -0.2383622
relation 118906077 1676675819 51.5964136 -0.2383650
relation 118906077 1676675818 51.5961398 -0.2383794
relation 118906077 2091348281 51.5960637 -0.2383838
relation 118906077 1336630045 51.5960700 -0.2386661
relation 118906077 2104541012 51.5961585 -0.2386610
relation 118906077 2104541119 51.5964063 -0.2386493
relation 118906077 1336630154 51.5964829 -0.2386462
-- http://www.openstreetmap.org/way/120316250 Apsley House
relation 120316250 20947351 51.5033494 -0.1519206
relation 120316250 1961872713 51.5033188 -0.1519033
relation 120316250 1973754625 51.5033504 -0.1517594
relation 120316250 1973754624 51.5033262 -0.1517458
relation 120316250 1973754626 51.5033637 -0.1515751
relation 120316250 1973754628 51.5033814 -0.1515851
relation 120316250 1961939945 51.5034087 -0.1514610
relation 120316250 1973754630 51.5034239 -0.1514696
relation 120316250 1973754631 51.5034266 -0.1514573
relation 120316250 1973754635 51.5035092 -0.1515276
relation 120316250 1973754636 51.5035288 -0.1514367
relation 120316250 1349324847 51.5036642 -0.1515202
relation 120316250 1720872025 51.5036256 -0.1516958
relation 120316250 1720872027 51.5035847 -0.1516727
relation 120316250 1720872021 51.5035445 -0.1518561
relation 120316250 1720872017 51.5035859 -0.1518795
relation 120316250 1349324845 51.5035517 -0.1520352
relation 120316250 20947351 51.5033494 -0.1519206
-- http://www.openstreetmap.org/way/121750021 Wimbledon Museum
relation 121750021 1361991049 51.4350304 -0.2135198
relation 121750021 1361991047 51.4349902 -0.2136850
relation 121750021 1361991045 51.4349651 -0.2137474
relation 121750021 1361991038 51.4349161 -0.2137756
relation 121750021 1361991034 51.4348684 -0.2137736
relation 121750021 1361990974 51.4345419 -0.2135158
relation 121750021 1361990962 51.4344979 -0.2134473
relation 121750021 1361990956 51.4344816 -0.2133607
relation 121750021 1361990959 51.4344942 -0.2132902
relation 121750021 1361990967 51.4345143 -0.2132398
relation 121750021 1361990970 51.4345331 -0.2132237
relation 121750021 1361990979 51.4345645 -0.2131431
relation 121750021 1361991009 51.4347177 -0.2132660
relation 121750021 1361991007 51.4347114 -0.2132902
relation 121750021 1361991040 51.4349186 -0.2134594
relation 121750021 1361991043 51.4349274 -0.2134372
relation 121750021 1361991049 51.4350304 -0.2135198
-- http://www.openstreetmap.org/way/128812567 Royal Institution and Faraday Museum
relation 128812567 1422466344 51.5099107 -0.1426862
relation 128812567 1422466336 51.5095712 -0.1423297
relation 128812567 1422466339 51.5096584 -0.1421260
relation 128812567 2936174036 51.5098062 -0.1422759
relation 128812567 2936174038 51.5098155 -0.1422528
relation 128812567 2936174043 51.5099111 -0.1423597
relation 128812567 2936174047 51.5099721 -0.1424279
relation 128812567 1422466335 51.5099987 -0.1424577
relation 128812567 1422466344 51.5099107 -0.1426862
-- http://www.openstreetmap.org/way/129870347 The Musical Museum
relation 129870347 1432095148 51.4878391 -0.2933637
relation 129870347 1432095149 51.4879337 -0.2931085
relation 129870347 1432095146 51.4878236 -0.2930032
relation 129870347 1432095147 51.4878379 -0.2929646
relation 129870347 1432095145 51.4877765 -0.2929059
relation 129870347 1432095140 51.4876654 -0.2932057
relation 129870347 1432095142 51.4877029 -0.2932415
relation 129870347 1432095141 51.4876891 -0.2932786
relation 129870347 1432095143 51.4877411 -0.2933283
relation 129870347 1432095144 51.4877571 -0.2932853
relation 129870347 1432095148 51.4878391 -0.2933637
-- http://www.openstreetmap.org/way/132133793 Battle of Britain Bunker - RAF Uxbridge
relation 132133793 1454184993 51.5413057 -0.4642757
relation 132133793 1454184968 51.5413491 -0.4648122
relation 132133793 1454184987 51.5410665 -0.4647719
relation 132133793 1454184965 51.5410506 -0.4649071
relation 132133793 1454184960 51.5409806 -0.4650090
relation 132133793 1454184991 51.5408971 -0.4660336
relation 132133793 1454185000 51.5399224 -0.4659368
relation 132133793 567808974 51.5400442 -0.4656041
relation 132133793 567808975 51.5400869 -0.4643938
relation 132133793 1454174730 51.5401813 -0.4642382
relation 132133793 1454174727 51.5402981 -0.4643562
relation 132133793 1454184996 51.5403466 -0.4641400
relation 132133793 1454184957 51.5408953 -0.4642489
relation 132133793 1454185003 51.5412056 -0.4642382
relation 132133793 1454184993 51.5413057 -0.4642757
-- http://www.openstreetmap.org/way/140144139 Museum of London Docklands
relation 140144139 1535410241 51.5077513 -0.0236734
relation 140144139 1535410281 51.5077670 -0.0236692
relation 140144139 1535410302 51.5077297 -0.0233488
relation 140144139 1535410253 51.5077135 -0.0233531
relation 140144139 1535410306 51.5073926 -0.0234378
relation 140144139 1535410273 51.5073823 -0.0234405
relation 140144139 1535410255 51.5074166 -0.0237617
relation 140144139 1535410243 51.5074297 -0.0237558
relation 140144139 2204906387 51.5074453 -0.0239129
relation 140144139 1535410254 51.5074618 -0.0240785
relation 140144139 1535410236 51.5074761 -0.0240748
relation 140144139 258141466 51.5075129 -0.0244009
relation 140144139 1535410290 51.5075537 -0.0243896
relation 140144139 1535410274 51.5077864 -0.0243254
relation 140144139 258141467 51.5078075 -0.0243196
relation 140144139 258141468 51.5077713 -0.0240016
relation 140144139 258141469 51.5077836 -0.0239985
relation 140144139 2204906414 51.5077682 -0.0238436
relation 140144139 1535410241 51.5077513 -0.0236734
-- http://www.openstreetmap.org/way/140327400 Egham Museum
relation 140327400 1537537738 51.4318570 -0.5478010
relation 140327400 1537537748 51.4321870 -0.5479985
relation 140327400 1537537745 51.4321715 -0.5480648
relation 140327400 1537537749 51.4322176 -0.5480924
relation 140327400 1537537747 51.4321826 -0.5482425
relation 140327400 1537537737 51.4318067 -0.5480174
relation 140327400 1537537738 51.4318570 -0.5478010
-- http://www.openstreetmap.org/way/146412246 Brunel Museum
relation 146412246 2921402532 51.5016132 -0.0528570
relation 146412246 2921402533 51.5016331 -0.0528681
relation 146412246 1596837882 51.5016541 -0.0528686
relation 146412246 1596837899 51.5016755 -0.0528574
relation 146412246 1596837878 51.5016933 -0.0528354
relation 146412246 1596837879 51.5017055 -0.0528051
relation 146412246 1596837858 51.5017106 -0.0527699
relation 146412246 1596837895 51.5017082 -0.0527341
relation 146412246 1596837898 51.5016984 -0.0527016
relation 146412246 2921402529 51.5016825 -0.0526762
relation 146412246 2921402530 51.5016622 -0.0526609
relation 146412246 2921402531 51.5016398 -0.0526573
relation 146412246 1596837861 51.5016180 -0.0526660
relation 146412246 1596837900 51.5016003 -0.0526843
relation 146412246 1596837880 51.5015871 -0.0527106
relation 146412246 1596837870 51.5015797 -0.0527422
relation 146412246 1596837891 51.5015789 -0.0527760
relation 146412246 1596837866 51.5015846 -0.0528085
relation 146412246 1596837865 51.5015965 -0.0528365
relation 146412246 2921402532 51.5016132 -0.0528570
-- http://www.openstreetmap.org/way/148707730 Honeywood House
relation 148707730 1617815378 51.3652665 -0.1652656
relation 148707730 1617815475 51.3652372 -0.1652468
relation 148707730 1617815359 51.3652489 -0.1651972
relation 148707730 1617815409 51.3652179 -0.1651784
relation 148707730 1617815387 51.3652138 -0.1651972
relation 148707730 1617815343 51.3651886 -0.1651771
relation 148707730 1617815376 51.3651945 -0.1651570
relation 148707730 1617815351 51.3651769 -0.1651489
relation 148707730 1617815381 51.3651643 -0.1651865
relation 148707730 1617815453 51.3651133 -0.1651476
relation 148707730 1617815377 51.3651250 -0.1651034
relation 148707730 1617815327 51.3651015 -0.1650873
relation 148707730 1617815407 51.3651200 -0.1650243
relation 148707730 1617815341 51.3651384 -0.1650323
relation 148707730 1617815353 51.3651523 -0.1649925
relation 148707730 1617815349 51.3651417 -0.1649800
relation 148707730 1617815339 51.3651501 -0.1649451
relation 148707730 1617815383 51.3651618 -0.1649492
relation 148707730 1617815355 51.3651758 -0.1649040
relation 148707730 1617815337 51.3651945 -0.1649210
relation 148707730 1617815455 51.3652029 -0.1649143
relation 148707730 1617815448 51.3652171 -0.1649223
relation 148707730 1617815361 51.3652213 -0.1649411
relation 148707730 1617815468 51.3652336 -0.1649523
relation 148707730 1617815470 51.3652280 -0.1649733
relation 148707730 1617815319 51.3652369 -0.1649831
relation 148707730 1617815427 51.3652444 -0.1649805
relation 148707730 1617815333 51.3652581 -0.1649934
relation 148707730 1617815472 51.3652590 -0.1650068
relation 148707730 1617815363 51.3652699 -0.1650162
relation 148707730 1617815421 51.3652673 -0.1650310
relation 148707730 1617815357 51.3652958 -0.1650591
relation 148707730 1617815330 51.3653005 -0.1650489
relation 148707730 1617815441 51.3653410 -0.1650859
relation 148707730 1617815411 51.3652888 -0.1652500
relation 148707730 1617815446 51.3652774 -0.1652414
relation 148707730 1617815378 51.3652665 -0.1652656
-- http://www.openstreetmap.org/way/149913507 Otford Heritage Centre
relation 149913507 1628480712 51.3128075 0.1878010
relation 149913507 1628480709 51.3128042 0.1879497
relation 149913507 1628480719 51.3129031 0.1879512
relation 149913507 1628480722 51.3129053 0.1878064
relation 149913507 1628480712 51.3128075 0.1878010
-- http://www.openstreetmap.org/way/151996457 Metropolitan Police Heritage Centre and Gift Shop
relation 151996457 1648278569 51.4864972 -0.1984460
relation 151996457 1648278570 51.4865039 -0.1984173
relation 151996457 1648278568 51.4864969 -0.1984130
relation 151996457 1648278571 51.4865210 -0.1983146
relation 151996457 1648278595 51.4867584 -0.1985523
relation 151996457 1648278592 51.4867413 -0.1985945
relation 151996457 1648278590 51.4867041 -0.1985692
relation 151996457 1648278588 51.4866992 -0.1985790
relation 151996457 1648278574 51.4865716 -0.1984979
relation 151996457 1648278569 51.4864972 -0.1984460
-- http://www.openstreetmap.org/way/156172966 Guildhall Art Gallery
relation 156172966 1312264659 51.5156311 -0.0911259
relation 156172966 1312264560 51.5156073 -0.0910940
relation 156172966 1684549824 51.5155683 -0.0910947
relation 156172966 1312264626 51.5155655 -0.0910648
relation 156172966 794003482 51.5154071 -0.0910777
relation 156172966 1718566768 51.5153884 -0.0911130
relation 156172966 1312264530 51.5153700 -0.0911475
relation 156172966 1312264588 51.5153730 -0.0913459
relation 156172966 1312264655 51.5154013 -0.0913440
relation 156172966 1312264553 51.5154034 -0.0914429
relation 156172966 1312264612 51.5153765 -0.0914479
relation 156172966 1312264523 51.5153854 -0.0916910
relation 156172966 1293215612 51.5154153 -0.0916915
relation 156172966 794003484 51.5154151 -0.0917536
relation 156172966 1684549833 51.5156668 -0.0917598
relation 156172966 1684549832 51.5156636 -0.0915065
relation 156172966 1684549831 51.5156376 -0.0915095
relation 156172966 1312264659 51.5156311 -0.0911259
-- http://www.openstreetmap.org/way/156190525 (http://www.openstreetmap.org/relation/2711501)
2711501 156190525 1625548716 51.5175478 -0.0965685
2711501 156190525 1625548712 51.5175130 -0.0965757
2711501 156190525 2118622467 51.5174788 -0.0965922
2711501 156190525 1625548700 51.5174458 -0.0966235
2711501 156190525 2118622462 51.5174307 -0.0966521
2711501 156190525 1625548698 51.5174095 -0.0966947
2711501 156190525 1625548694 51.5173827 -0.0967752
2711501 156190525 2118622452 51.5173652 -0.0968551
2711501 156190525 1625548696 51.5173621 -0.0969176
2711501 156190525 2118622453 51.5173728 -0.0970062
2711501 156190525 2118622454 51.5173852 -0.0970557
2711501 156190525 2118622456 51.5174030 -0.0971052
2711501 156190525 1625548709 51.5174602 -0.0971662
2711501 156190525 2118622470 51.5175068 -0.0971921
2711501 156190525 1625548714 51.5175557 -0.0971916
2711501 156190525 1625548718 51.5176128 -0.0971675
2711501 156190525 1625548724 51.5176541 -0.0971290
2711501 156190525 1625548720 51.5176727 -0.0971039
2711501 156190525 1684710396 51.5177083 -0.0970469
2711501 156190525 1684710404 51.5177281 -0.0970094
2711501 156190525 1684710406 51.5177408 -0.0969753
2711501 156190525 1684710408 51.5177447 -0.0969143
2711501 156190525 1326821598 51.5178743 -0.0968394
2711501 156190525 1684710452 51.5179875 -0.0967630
2711501 156190525 1684710483 51.5180370 -0.0967743
2711501 156190525 1684710477 51.5180334 -0.0966755
2711501 156190525 20460698 51.5179762 -0.0964370
2711501 156190525 1684710461 51.5180285 -0.0963938
2711501 156190525 1684710464 51.5180327 -0.0960314
2711501 156190525 1684710467 51.5180372 -0.0958879
2711501 156190525 2118622495 51.5182311 -0.0958892
2711501 156190525 2118622494 51.5182144 -0.0957893
2711501 156190525 1684710513 51.5182805 -0.0957509
2711501 156190525 1684710510 51.5182033 -0.0954317
2711501 156190525 1684710492 51.5181376 -0.0951604
2711501 156190525 2118622490 51.5179193 -0.0952975
2711501 156190525 1684710389 51.5176891 -0.0954335
2711501 156190525 2118622478 51.5176092 -0.0954807
2711501 156190525 1684710317 51.5175774 -0.0955006
2711501 156190525 1684710174 51.5175649 -0.0955088
2711501 156190525 2755124802 51.5175446 -0.0955196
2711501 156190525 1684710298 51.5175475 -0.0960893
2711501 156190525 2118622476 51.5175947 -0.0961669
2711501 156190525 1684710364 51.5176588 -0.0962466
2711501 156190525 1684710368 51.5176673 -0.0962689
2711501 156190525 1684710154 51.5175189 -0.0963507
2711501 156190525 1684710309 51.5175676 -0.0965548
2711501 156190525 1625548716 51.5175478 -0.0965685
-- http://www.openstreetmap.org/way/165847989 Blewcoat School
relation 165847989 1773746076 51.4984115 -0.1361236
relation 165847989 1773746065 51.4984090 -0.1359670
relation 165847989 1773746069 51.4982721 -0.1359727
relation 165847989 1773746067 51.4982746 -0.1361292
relation 165847989 1773746076 51.4984115 -0.1361236
-- http://www.openstreetmap.org/way/165902158 Battle of Britain Bunker
relation 165902158 1774105086 51.5404713 -0.4645814
relation 165902158 1774105107 51.5404363 -0.4646243
relation 165902158 1774105193 51.5404730 -0.4647021
relation 165902158 1774105174 51.5405247 -0.4646136
relation 165902158 1774105128 51.5405014 -0.4645626
relation 165902158 1774105086 51.5404713 -0.4645814
-- http://www.openstreetmap.org/way/174651219 Dairy Wing
relation 174651219 1853048566 51.5721958 0.0659824
relation 174651219 1853048535 51.5721606 0.0662385
relation 174651219 1853048430 51.5721008 0.0662172
relation 174651219 1853048456 51.5721361 0.0659612
relation 174651219 1853048566 51.5721958 0.0659824
-- http://www.openstreetmap.org/way/176312585 The Sherlock Holmes Museum
relation 176312585 1868558238 51.5237937 -0.1584639
relation 176312585 1868558234 51.5237457 -0.1584418
relation 176312585 2408361184 51.5237454 -0.1584435
relation 176312585 1868558220 51.5237264 -0.1585463
relation 176312585 1868558236 51.5237744 -0.1585686
relation 176312585 2408361185 51.5237933 -0.1584657
relation 176312585 1868558238 51.5237937 -0.1584639
-- http://www.openstreetmap.org/way/181770911 William Morris Gallery
relation 181770911 1436322905 51.5912158 -0.0201117
relation 181770911 1872509838 51.5912043 -0.0201227
relation 181770911 1872509834 51.5911987 -0.0201425
relation 181770911 1872509832 51.5911980 -0.0201702
relation 181770911 1872509837 51.5912063 -0.0201910
relation 181770911 1872510832 51.5912006 -0.0202363
relation 181770911 1872509836 51.5911958 -0.0202740
relation 181770911 1872509833 51.5911814 -0.0202857
relation 181770911 1872509844 51.5911725 -0.0203098
relation 181770911 1872509843 51.5911750 -0.0203346
relation 181770911 1872509845 51.5911857 -0.0203534
relation 181770911 1436322900 51.5911679 -0.0204939
relation 181770911 1436322892 51.5912474 -0.0205212
relation 181770911 1436322934 51.5912432 -0.0205594
relation 181770911 1872509831 51.5913078 -0.0205800
relation 181770911 1436322936 51.5913088 -0.0205795
relation 181770911 1436322949 51.5913635 -0.0201648
relation 181770911 1922000433 51.5913797 -0.0201706
relation 181770911 1922000436 51.5914012 -0.0200156
relation 181770911 1922000425 51.5912373 -0.0199567
relation 181770911 1436322905 51.5912158 -0.0201117
-- http://www.openstreetmap.org/way/182395637 Ragged School Museum
relation 182395637 1927425605 51.5188907 -0.0358491
relation 182395637 1927425608 51.5189052 -0.0356105
relation 182395637 1927425602 51.5185492 -0.0355737
relation 182395637 1927425605 51.5188907 -0.0358491
-- http://www.openstreetmap.org/way/183090506 National Maritime Museum
relation 183090506 2460574214 51.4806316 -0.0055385
relation 183090506 123643008 51.4811303 -0.0059684
relation 183090506 123643010 51.4811816 -0.0058150
relation 183090506 123643011 51.4810565 -0.0057071
relation 183090506 123643013 51.4810820 -0.0056306
relation 183090506 123643015 51.4811539 -0.0056925
relation 183090506 2541359479 51.4812109 -0.0055220
relation 183090506 123643016 51.4812726 -0.0053374
relation 183090506 123643017 51.4812025 -0.0052769
relation 183090506 2460574239 51.4812407 -0.0051625
relation 183090506 2460574240 51.4813068 -0.0052195
relation 183090506 123643018 51.4812952 -0.0052542
relation 183090506 123643020 51.4813631 -0.0053128
relation 183090506 123643021 51.4814320 -0.0051067
relation 183090506 2460574244 51.4813579 -0.0050428
relation 183090506 2460574243 51.4813445 -0.0050828
relation 183090506 2460574237 51.4810126 -0.0047967
relation 183090506 2460574238 51.4810226 -0.0047667
relation 183090506 2460574236 51.4809589 -0.0047118
relation 183090506 2460574235 51.4809475 -0.0047459
relation 183090506 123643022 51.4808752 -0.0046836
relation 183090506 123643038 51.4807898 -0.0046099
relation 183090506 2460574226 51.4807060 -0.0045377
relation 183090506 2460574227 51.4807192 -0.0044983
relation 183090506 123643039 51.4806509 -0.0044394
relation 183090506 123643041 51.4805802 -0.0046508
relation 183090506 2460574216 51.4806523 -0.0047130
relation 183090506 2460574218 51.4806648 -0.0046756
relation 183090506 123643042 51.4807434 -0.0047433
relation 183090506 2460574223 51.4806973 -0.0048812
relation 183090506 2460574221 51.4806881 -0.0048733
relation 183090506 2460574210 51.4806184 -0.0050817
relation 183090506 2460574206 51.4805997 -0.0050655
relation 183090506 2460574198 51.4805513 -0.0052105
relation 183090506 2460574201 51.4805696 -0.0052263
relation 183090506 123643044 51.4805023 -0.0054275
relation 183090506 2460574204 51.4805871 -0.0055007
relation 183090506 2460574199 51.4805608 -0.0055794
relation 183090506 1934478979 51.4805327 -0.0055552
relation 183090506 2323768981 51.4803293 -0.0053798
relation 183090506 2323768992 51.4802823 -0.0055205
relation 183090506 2323769023 51.4801039 -0.0060539
relation 183090506 2323769013 51.4803119 -0.0062331
relation 183090506 1934478985 51.4802925 -0.0062911
relation 183090506 1934478981 51.4803897 -0.0063749
relation 183090506 1934478984 51.4806326 -0.0056484
relation 183090506 2460574208 51.4806033 -0.0056231
relation 183090506 2460574214 51.4806316 -0.0055385
-- http://www.openstreetmap.org/way/183090507 Royal Museums Greenwich
relation 183090507 1934478983 51.4811348 -0.0080089
relation 183090507 416327015 51.4796886 -0.0068601
relation 183090507 416327019 51.4803487 -0.0046870
relation 183090507 416327022 51.4811072 -0.0023653
relation 183090507 416327025 51.4816343 -0.0022371
relation 183090507 2541381310 51.4823091 -0.0028000
relation 183090507 2541381305 51.4826563 -0.0030546
relation 183090507 2541381270 51.4827329 -0.0031116
relation 183090507 496130429 51.4827409 -0.0031222
relation 183090507 2541381296 51.4827398 -0.0031374
relation 183090507 2541381276 51.4822556 -0.0046168
relation 183090507 2541375251 51.4822164 -0.0047331
relation 183090507 2541375271 51.4818039 -0.0059654
relation 183090507 2541381330 51.4817686 -0.0060732
relation 183090507 2541381286 51.4816273 -0.0065049
relation 183090507 1934478983 51.4811348 -0.0080089
-- http://www.openstreetmap.org/way/185076070 Museum of Harrow Life
relation 185076070 1956516569 51.5738109 -0.3353951
relation 185076070 1956516566 51.5737647 -0.3354590
relation 185076070 1956516565 51.5737035 -0.3353445
relation 185076070 1956516568 51.5738014 -0.3352090
relation 185076070 1956516571 51.5738369 -0.3352754
relation 185076070 1956516567 51.5737851 -0.3353469
relation 185076070 1956516569 51.5738109 -0.3353951
-- http://www.openstreetmap.org/way/187420538 (http://www.openstreetmap.org/relation/relation)
relation 187420538 1981157626 51.4328322 -0.5144571
relation 187420538 1981157624 51.4327228 -0.5144803
relation 187420538 1981157625 51.4327138 -0.5143716
relation 187420538 1981157623 51.4328233 -0.5143485
relation 187420538 1981157626 51.4328322 -0.5144571
-- http://www.openstreetmap.org/way/190831613 London Canal Museum
relation 190831613 2014389710 51.5342323 -0.1203950
relation 190831613 2014389717 51.5341422 -0.1203923
relation 190831613 2014389713 51.5341455 -0.1200168
relation 190831613 2014389715 51.5342481 -0.1200262
relation 190831613 2014389710 51.5342323 -0.1203950
-- http://www.openstreetmap.org/way/194923622 Eton Natural History Museum
relation 194923622 2054336580 51.4909234 -0.6112771
relation 194923622 2054336581 51.4907943 -0.6111566
relation 194923622 2054336579 51.4908420 -0.6110247
relation 194923622 2054336578 51.4909711 -0.6111453
relation 194923622 2054336580 51.4909234 -0.6112771
-- http://www.openstreetmap.org/way/197206542 Churchill Museum and Cabinet War Rooms
relation 197206542 2074869393 51.5022235 -0.1293126
relation 197206542 2074869386 51.5021779 -0.1293160
relation 197206542 2074869391 51.5021799 -0.1293855
relation 197206542 2074869395 51.5022256 -0.1293821
relation 197206542 2074869393 51.5022235 -0.1293126
-- http://www.openstreetmap.org/way/201846172 (http://www.openstreetmap.org/relation/2711501)
2711501 201846172 2118622464 51.5174395 -0.0970449
2711501 201846172 2118622468 51.5174854 -0.0971005
2711501 201846172 2118622473 51.5175243 -0.0971179
2711501 201846172 2118622475 51.5175638 -0.0971066
2711501 201846172 2118622477 51.5175978 -0.0970788
2711501 201846172 2118622481 51.5176173 -0.0970484
2711501 201846172 2118622482 51.5176194 -0.0970232
2711501 201846172 2755124807 51.5176130 -0.0969942
2711501 201846172 2118622474 51.5175530 -0.0967218
2711501 201846172 2118622472 51.5175243 -0.0966741
2711501 201846172 2118622469 51.5174962 -0.0966680
2711501 201846172 2118622465 51.5174676 -0.0966897
2711501 201846172 2118622463 51.5174368 -0.0967505
2711501 201846172 2118622460 51.5174108 -0.0968573
2711501 201846172 2118622458 51.5174070 -0.0969059
2711501 201846172 2118622459 51.5174092 -0.0969563
2711501 201846172 2118622461 51.5174232 -0.0970084
2711501 201846172 2118622464 51.5174395 -0.0970449
-- http://www.openstreetmap.org/way/201846173 (http://www.openstreetmap.org/relation/2711501)
2711501 201846173 2118622485 51.5178609 -0.0958974
2711501 201846173 2118622493 51.5181042 -0.0957513
2711501 201846173 2118622492 51.5180426 -0.0954863
2711501 201846173 2118622491 51.5179722 -0.0955286
2711501 201846173 1684710412 51.5177974 -0.0956264
2711501 201846173 2118622485 51.5178609 -0.0958974
-- http://www.openstreetmap.org/way/203708843 HMS Belfast
relation 203708843 364362007 51.5060977 -0.0814750
relation 203708843 2137079717 51.5060752 -0.0813472
relation 203708843 2137079706 51.5059562 -0.0814012
relation 203708843 364362009 51.5059787 -0.0815291
relation 203708843 364362007 51.5060977 -0.0814750
-- http://www.openstreetmap.org/way/206348902 Upminster Tithe Barn
relation 206348902 2163562517 51.5668038 0.2566516
relation 206348902 2163562514 51.5667328 0.2572477
relation 206348902 2163562516 51.5668491 0.2572835
relation 206348902 2163562515 51.5669201 0.2566874
relation 206348902 2163562517 51.5668038 0.2566516
-- http://www.openstreetmap.org/way/208429132 Weybridge Library and Elmbridge Museum
relation 208429132 2187221989 51.3719009 -0.4602940
relation 208429132 2187221994 51.3719143 -0.4601492
relation 208429132 2187221993 51.3721772 -0.4602189
relation 208429132 2187221990 51.3721872 -0.4601130
relation 208429132 2187221991 51.3720851 -0.4600848
relation 208429132 2187221985 51.3720957 -0.4599824
relation 208429132 2187221984 51.3721977 -0.4600068
relation 208429132 2187221988 51.3721987 -0.4599942
relation 208429132 2187221992 51.3722898 -0.4600180
relation 208429132 2187221995 51.3722531 -0.4604340
relation 208429132 2187221986 51.3721558 -0.4604107
relation 208429132 2187221987 51.3721622 -0.4603584
relation 208429132 2187221989 51.3719009 -0.4602940
-- http://www.openstreetmap.org/way/209281563 Red House
relation 209281563 2195035779 51.4555482 0.1302691
relation 209281563 2799373301 51.4555422 0.1303332
relation 209281563 2195035791 51.4555216 0.1305409
relation 209281563 2195035788 51.4554464 0.1305219
relation 209281563 2195035786 51.4554588 0.1303951
relation 209281563 2195035790 51.4554330 0.1303886
relation 209281563 2195035783 51.4554293 0.1304259
relation 209281563 2195035785 51.4553859 0.1304149
relation 209281563 2195035780 51.4553898 0.1303751
relation 209281563 2195035789 51.4552630 0.1303452
relation 209281563 2195035793 51.4552753 0.1301989
relation 209281563 2195035782 51.4554647 0.1302469
relation 209281563 2195035792 51.4554675 0.1302188
relation 209281563 2195035784 51.4555102 0.1302295
relation 209281563 2195035781 51.4555073 0.1302588
relation 209281563 2195035779 51.4555482 0.1302691
-- http://www.openstreetmap.org/way/210442848 Horniman Museum
relation 210442848 848505073 51.4407754 -0.0614117
relation 210442848 34776769 51.4407602 -0.0614144
relation 210442848 2205062072 51.4407488 -0.0612474
relation 210442848 2205062077 51.4407646 -0.0612446
relation 210442848 2205062076 51.4407632 -0.0612236
relation 210442848 2205062073 51.4407506 -0.0612258
relation 210442848 2205062071 51.4407335 -0.0609770
relation 210442848 2205062070 51.4407258 -0.0609784
relation 210442848 34776770 51.4407056 -0.0606822
relation 210442848 34776771 51.4413336 -0.0605715
relation 210442848 34776772 51.4413527 -0.0608510
relation 210442848 2205062102 51.4411916 -0.0608794
relation 210442848 2205062103 51.4411966 -0.0609523
relation 210442848 34776773 51.4410642 -0.0609757
relation 210442848 848505067 51.4410722 -0.0610918
relation 210442848 2924625641 51.4410949 -0.0610878
relation 210442848 2205062104 51.4412038 -0.0610686
relation 210442848 2205062105 51.4412085 -0.0611380
relation 210442848 34776774 51.4412230 -0.0611355
relation 210442848 34776775 51.4412365 -0.0613321
relation 210442848 2205062096 51.4410721 -0.0613611
relation 210442848 34776766 51.4409708 -0.0613790
relation 210442848 848505073 51.4407754 -0.0614117
-- http://www.openstreetmap.org/way/232592410 The Jewish Museum
relation 232592410 2409376693 51.5373144 -0.1445970
relation 232592410 2409376685 51.5372429 -0.1445304
relation 232592410 2409376681 51.5372032 -0.1446406
relation 232592410 2409376683 51.5372135 -0.1446504
relation 232592410 2409376687 51.5372671 -0.1447018
relation 232592410 2409376688 51.5372730 -0.1447071
relation 232592410 2409376693 51.5373144 -0.1445970
-- http://www.openstreetmap.org/way/238208209 Queen's House
relation 238208209 123643027 51.4812659 -0.0035401
relation 238208209 123643034 51.4811764 -0.0034631
relation 238208209 123643035 51.4810652 -0.0033674
relation 238208209 123643036 51.4809126 -0.0038248
relation 238208209 123643037 51.4810208 -0.0039179
relation 238208209 123643024 51.4811062 -0.0039914
relation 238208209 123643025 51.4812013 -0.0040732
relation 238208209 123643026 51.4813539 -0.0036158
relation 238208209 123643027 51.4812659 -0.0035401
-- http://www.openstreetmap.org/way/246300057 Brooklands Museum
relation 246300057 2533541838 51.3534688 -0.4654657
relation 246300057 2266759914 51.3533319 -0.4641011
relation 246300057 2266759943 51.3541732 -0.4638496
relation 246300057 2266759916 51.3540554 -0.4627890
relation 246300057 2266760022 51.3543207 -0.4627168
relation 246300057 2533541851 51.3543645 -0.4627049
relation 246300057 2533541854 51.3547572 -0.4620826
relation 246300057 2533541858 51.3552994 -0.4605924
relation 246300057 2533541862 51.3555948 -0.4598578
relation 246300057 2533541865 51.3562049 -0.4608194
relation 246300057 2533541869 51.3566324 -0.4616271
relation 246300057 2533541882 51.3568222 -0.4625578
relation 246300057 2533541884 51.3569495 -0.4635309
relation 246300057 2616074289 51.3570098 -0.4643368
relation 246300057 2533541886 51.3570119 -0.4643655
relation 246300057 2533541888 51.3570143 -0.4651809
relation 246300057 2533541890 51.3568966 -0.4658386
relation 246300057 2533541892 51.3566589 -0.4666655
relation 246300057 2533541895 51.3564019 -0.4663540
relation 246300057 2533541897 51.3560704 -0.4662040
relation 246300057 2533541898 51.3551049 -0.4660078
relation 246300057 2533541900 51.3546629 -0.4658925
relation 246300057 2533541903 51.3542642 -0.4656040
relation 246300057 2533541905 51.3538775 -0.4654501
relation 246300057 2533541838 51.3534688 -0.4654657
-- http://www.openstreetmap.org/way/255871351 Quebec House
relation 255871351 2615865671 51.2672566 0.0758256
relation 255871351 2615865672 51.2671044 0.0758395
relation 255871351 2842521521 51.2671085 0.0759579
relation 255871351 2615865673 51.2671131 0.0760926
relation 255871351 2615865674 51.2672640 0.0760787
relation 255871351 2615865671 51.2672566 0.0758256
-- http://www.openstreetmap.org/way/268533441 Altazimuth Pavilion
relation 268533441 2738840815 51.4773694 -0.0008533
relation 268533441 2738840814 51.4773604 -0.0008327
relation 268533441 2738840806 51.4773456 -0.0008218
relation 268533441 2738840807 51.4773297 -0.0008208
relation 268533441 2738840797 51.4773144 -0.0008342
relation 268533441 2738840798 51.4773057 -0.0008527
relation 268533441 2738840789 51.4772862 -0.0008540
relation 268533441 2738840790 51.4772866 -0.0008710
relation 268533441 2738840792 51.4772871 -0.0008922
relation 268533441 2738840799 51.4773067 -0.0008909
relation 268533441 2738840800 51.4773149 -0.0009116
relation 268533441 2738840809 51.4773301 -0.0009250
relation 268533441 2738840808 51.4773461 -0.0009241
relation 268533441 2738840817 51.4773609 -0.0009132
relation 268533441 2738840816 51.4773703 -0.0008915
relation 268533441 2738840823 51.4773899 -0.0008903
relation 268533441 2738840821 51.4773895 -0.0008722
relation 268533441 2738840819 51.4773890 -0.0008521
relation 268533441 2738840815 51.4773694 -0.0008533
-- http://www.openstreetmap.org/way/268533442 Astronomy Centre
relation 268533442 2738840487 51.4768709 -0.0006027
relation 268533442 2738840516 51.4768837 -0.0006229
relation 268533442 2738840525 51.4769051 -0.0005884
relation 268533442 2738840515 51.4768954 -0.0005725
relation 268533442 2738840558 51.4769807 -0.0005708
relation 268533442 2738840557 51.4769806 -0.0005603
relation 268533442 2738840556 51.4769805 -0.0005501
relation 268533442 2738840570 51.4769907 -0.0005500
relation 268533442 2738840567 51.4769907 -0.0005321
relation 268533442 2738840565 51.4769907 -0.0005296
relation 268533442 2738840566 51.4769908 -0.0005232
relation 268533442 2738840563 51.4769908 -0.0005036
relation 268533442 2738840555 51.4769805 -0.0005038
relation 268533442 2738840554 51.4769806 -0.0004957
relation 268533442 2738840553 51.4769807 -0.0004868
relation 268533442 2738840514 51.4768937 -0.0004864
relation 268533442 2738840512 51.4769026 -0.0004719
relation 268533442 2738840510 51.4768811 -0.0004374
relation 268533442 2738840486 51.4768705 -0.0004526
relation 268533442 2738840484 51.4768701 -0.0003247
relation 268533442 2738840485 51.4768568 -0.0003248
relation 268533442 2738840482 51.4768568 -0.0003079
relation 268533442 2738840453 51.4768427 -0.0003080
relation 268533442 2738840460 51.4768315 -0.0003081
relation 268533442 2738840462 51.4768316 -0.0003227
relation 268533442 2738840427 51.4768194 -0.0003228
relation 268533442 2738840463 51.4768198 -0.0004531
relation 268533442 2738840429 51.4768080 -0.0004342
relation 268533442 2738840401 51.4767866 -0.0004687
relation 268533442 2738840430 51.4767960 -0.0004847
relation 268533442 2738840388 51.4767114 -0.0004849
relation 268533442 2738840389 51.4767114 -0.0005057
relation 268533442 2738840378 51.4767007 -0.0005057
relation 268533442 2738840379 51.4767007 -0.0005293
relation 268533442 2738840381 51.4767007 -0.0005507
relation 268533442 2738840390 51.4767112 -0.0005506
relation 268533442 2738840391 51.4767112 -0.0005730
relation 268533442 2738840431 51.4767961 -0.0005729
relation 268533442 2738840402 51.4767840 -0.0005916
relation 268533442 2738840433 51.4767944 -0.0006083
relation 268533442 2738840436 51.4768055 -0.0006261
relation 268533442 2738840464 51.4768203 -0.0006026
relation 268533442 2738840471 51.4768200 -0.0007415
relation 268533442 2738840465 51.4768322 -0.0007416
relation 268533442 2738840469 51.4768322 -0.0007562
relation 268533442 2738840466 51.4768437 -0.0007563
relation 268533442 2738840489 51.4768574 -0.0007564
relation 268533442 2738840493 51.4768575 -0.0007395
relation 268533442 2738840494 51.4768707 -0.0007397
relation 268533442 2738840487 51.4768709 -0.0006027
-- http://www.openstreetmap.org/way/268533444 Flamsteed House
relation 268533444 2738841185 51.4779992 -0.0018718
relation 268533444 2738841183 51.4779868 -0.0018672
relation 268533444 2738841179 51.4779941 -0.0018161
relation 268533444 2738841160 51.4779770 -0.0018098
relation 268533444 2738841161 51.4779646 -0.0018053
relation 268533444 2738841146 51.4779518 -0.0018006
relation 268533444 2738841135 51.4779030 -0.0017828
relation 268533444 2738841077 51.4778726 -0.0020035
relation 268533444 2738841080 51.4778697 -0.0020178
relation 268533444 2738841081 51.4778591 -0.0020921
relation 268533444 2738841082 51.4778541 -0.0021271
relation 268533444 2738841221 51.4780646 -0.0022041
relation 268533444 2738841243 51.4780737 -0.0021403
relation 268533444 2738841220 51.4780611 -0.0021357
relation 268533444 2738841203 51.4780334 -0.0021256
relation 268533444 2738841202 51.4780411 -0.0020716
relation 268533444 2738841218 51.4780537 -0.0020762
relation 268533444 2738841241 51.4780785 -0.0019018
relation 268533444 2738841217 51.4780663 -0.0018973
relation 268533444 2738841234 51.4780735 -0.0018469
relation 268533444 2738841213 51.4780640 -0.0018434
relation 268533444 2738841199 51.4780332 -0.0018321
relation 268533444 2738841200 51.4780290 -0.0018597
relation 268533444 2738841201 51.4780262 -0.0018816
relation 268533444 2738841185 51.4779992 -0.0018718
-- http://www.openstreetmap.org/way/268533446 Meridian Building
relation 268533446 2738841044 51.4778457 -0.0014468
relation 268533446 2738840975 51.4777755 -0.0014456
relation 268533446 2738840976 51.4777738 -0.0015308
relation 268533446 2738841010 51.4778133 -0.0015325
relation 268533446 2738841061 51.4778730 -0.0015337
relation 268533446 2738841060 51.4778735 -0.0014863
relation 268533446 2738841059 51.4778739 -0.0014483
relation 268533446 2738841044 51.4778457 -0.0014468
-- http://www.openstreetmap.org/way/268533454 Telescope Gallery
relation 268533454 2738841062 51.4778723 -0.0016065
relation 268533454 2738841061 51.4778730 -0.0015337
relation 268533454 2738841010 51.4778133 -0.0015325
relation 268533454 2738841011 51.4778126 -0.0016051
relation 268533454 2738841012 51.4778042 -0.0016049
relation 268533454 2738841014 51.4778034 -0.0016996
relation 268533454 2738841016 51.4778129 -0.0016999
relation 268533454 2738841021 51.4778122 -0.0017777
relation 268533454 2738841064 51.4778713 -0.0017789
relation 268533454 2738841063 51.4778719 -0.0016985
relation 268533454 2738841105 51.4778797 -0.0016986
relation 268533454 2738841101 51.4778801 -0.0016517
relation 268533454 2738841097 51.4778804 -0.0016067
relation 268533454 2738841062 51.4778723 -0.0016065
-- http://www.openstreetmap.org/way/268533517 28 Inch Telescope Dome
relation 268533517 2738840966 51.4777643 -0.0011027
relation 268533517 2738840929 51.4777560 -0.0010920
relation 268533517 2738840930 51.4777430 -0.0010825
relation 268533517 2738840896 51.4777301 -0.0010794
relation 268533517 2738840897 51.4777174 -0.0010817
relation 268533517 2738840895 51.4777093 -0.0010862
relation 268533517 2738840875 51.4776960 -0.0011002
relation 268533517 2738840874 51.4776897 -0.0011114
relation 268533517 2738840877 51.4776842 -0.0011265
relation 268533517 2738840876 51.4776815 -0.0011386
relation 268533517 2738840867 51.4776799 -0.0011596
relation 268533517 2738840878 51.4776815 -0.0011783
relation 268533517 2738840879 51.4776864 -0.0011978
relation 268533517 2738840880 51.4776949 -0.0012156
relation 268533517 2738840881 51.4777056 -0.0012283
relation 268533517 2738840898 51.4777159 -0.0012350
relation 268533517 2738840899 51.4777310 -0.0012380
relation 268533517 2738840933 51.4777396 -0.0012363
relation 268533517 2738840932 51.4777496 -0.0012310
relation 268533517 2738840931 51.4777579 -0.0012235
relation 268533517 2738840973 51.4777680 -0.0012081
relation 268533517 2738840972 51.4777746 -0.0011906
relation 268533517 2738840970 51.4777779 -0.0011731
relation 268533517 2738840969 51.4777787 -0.0011551
relation 268533517 2738840968 51.4777757 -0.0011313
relation 268533517 2738840965 51.4777709 -0.0011157
relation 268533517 2738840966 51.4777643 -0.0011027
-- http://www.openstreetmap.org/way/286412821 Diesel House
relation 286412821 2900789352 51.4887091 -0.2899686
relation 286412821 2900789353 51.4887331 -0.2898532
relation 286412821 2900789354 51.4888627 -0.2899226
relation 286412821 2900789355 51.4888388 -0.2900379
relation 286412821 2900789352 51.4887091 -0.2899686
-- http://www.openstreetmap.org/way/286412824 Workshop
relation 286412824 2900789360 51.4886810 -0.2899383
relation 286412824 2900789361 51.4886526 -0.2899245
relation 286412824 2900789362 51.4886793 -0.2897535
relation 286412824 2900789363 51.4887076 -0.2897646
relation 286412824 2900789360 51.4886810 -0.2899383
-- http://www.openstreetmap.org/way/286412825 Museum Garden
relation 286412825 2900789364 51.4893918 -0.2902660
relation 286412825 2900789365 51.4893568 -0.2903143
relation 286412825 2900789366 51.4892708 -0.2907113
relation 286412825 2900789367 51.4892432 -0.2907555
relation 286412825 2900789368 51.4892098 -0.2909138
relation 286412825 2900789369 51.4892040 -0.2909661
relation 286412825 2900789370 51.4891146 -0.2911471
relation 286412825 2900789371 51.4891939 -0.2911753
relation 286412825 2900789372 51.4892332 -0.2909902
relation 286412825 2900789373 51.4894645 -0.2906496
relation 286412825 2900789364 51.4893918 -0.2902660
